account	connection	type_
822215679726100480	15513604	15513604
822215679726100480	14839147	14839147
822215679726100480	9624742	9624742
822215679726100480	14615871	14615871
822215679726100480	15647676	15647676
822215679726100480	20179628	20179628
822215679726100480	20437286	20437286
822215679726100480	44615672	44615672
822215679726100480	44783853	44783853
822215679726100480	61853389	61853389
822215679726100480	66369181	66369181
822215679726100480	73181712	73181712
822215679726100480	76348185	76348185
822215679726100480	78408666	78408666
822215679726100480	110541296	110541296
822215679726100480	120176950	120176950
822215679726100480	153149305	153149305
822215679726100480	166252256	166252256
822215679726100480	249677516	249677516
822215679726100480	393562221	393562221
822215679726100480	37666984	37666984
822215679726100480	799764016885329921	799764016885329921
822215679726100480	826065858548133888	826065858548133888
822215679726100480	827258161841135623	827258161841135623
822215679726100480	828613457020870657	828613457020870657
822215679726100480	829782369670410240	829782369670410240
822215679726100480	830128820447539208	830128820447539208
822215679726100480	831482588246196225	831482588246196225
822215679726100480	832672006113931269	832672006113931269
822215679726100480	836305915452272641	836305915452272641
822215679726100480	818928162449068032	818928162449068032
822215679726100480	823367015830323201	823367015830323201
822215679726100480	803703725730779136	803703725730779136
822215679726100480	471672239	471672239
822215679726100480	822215673812119553	822215673812119553
822215679726100480	822127086194348032	822127086194348032
822215679726100480	620571475	620571475
822215679726100480	818927131883356161	818927131883356161
822215679726100480	818910970567344128	818910970567344128
822215679726100480	818876014390603776	818876014390603776
805077004005625856	390618596	390618596
805077004005625856	16371214	16371214
805077004005625856	17950857	17950857
805077004005625856	733443026	733443026
805077004005625856	38099691	38099691
805077004005625856	549446547	549446547
805077004005625856	22541534	22541534
805077004005625856	2750504885	2750504885
805077004005625856	265463749	265463749
805077004005625856	461594173	461594173
805077004005625856	783868872092897280	783868872092897280
805077004005625856	207695669	207695669
805077004005625856	13826102	13826102
805077004005625856	14684110	14684110
805077004005625856	18104734	18104734
805077004005625856	2149793731	2149793731
822215679726100480	15513604	15513604
822215679726100480	14839147	14839147
822215679726100480	9624742	9624742
822215679726100480	14615871	14615871
822215679726100480	15647676	15647676
822215679726100480	20179628	20179628
822215679726100480	20437286	20437286
822215679726100480	44615672	44615672
822215679726100480	44783853	44783853
822215679726100480	61853389	61853389
822215679726100480	66369181	66369181
822215679726100480	73181712	73181712
822215679726100480	76348185	76348185
822215679726100480	78408666	78408666
822215679726100480	110541296	110541296
822215679726100480	120176950	120176950
822215679726100480	153149305	153149305
822215679726100480	166252256	166252256
822215679726100480	249677516	249677516
822215679726100480	393562221	393562221
822215679726100480	37666984	37666984
822215679726100480	799764016885329921	799764016885329921
822215679726100480	826065858548133888	826065858548133888
822215679726100480	827258161841135623	827258161841135623
822215679726100480	828613457020870657	828613457020870657
822215679726100480	829782369670410240	829782369670410240
822215679726100480	830128820447539208	830128820447539208
822215679726100480	831482588246196225	831482588246196225
822215679726100480	832672006113931269	832672006113931269
822215679726100480	836305915452272641	836305915452272641
822215679726100480	818928162449068032	818928162449068032
822215679726100480	823367015830323201	823367015830323201
822215679726100480	803703725730779136	803703725730779136
822215679726100480	471672239	471672239
822215679726100480	822215673812119553	822215673812119553
822215679726100480	822127086194348032	822127086194348032
822215679726100480	620571475	620571475
822215679726100480	818927131883356161	818927131883356161
822215679726100480	818910970567344128	818910970567344128
822215679726100480	818876014390603776	818876014390603776
805077004005625856	390618596	390618596
805077004005625856	16371214	16371214
805077004005625856	17950857	17950857
805077004005625856	733443026	733443026
805077004005625856	38099691	38099691
805077004005625856	549446547	549446547
805077004005625856	22541534	22541534
805077004005625856	2750504885	2750504885
805077004005625856	265463749	265463749
805077004005625856	461594173	461594173
805077004005625856	783868872092897280	783868872092897280
805077004005625856	207695669	207695669
805077004005625856	13826102	13826102
805077004005625856	14684110	14684110
805077004005625856	18104734	18104734
805077004005625856	2149793731	2149793731
822215679726100480	15513604	15513604
822215679726100480	14839147	14839147
822215679726100480	9624742	9624742
822215679726100480	14615871	14615871
822215679726100480	15647676	15647676
822215679726100480	20179628	20179628
822215679726100480	20437286	20437286
822215679726100480	44615672	44615672
822215679726100480	44783853	44783853
822215679726100480	61853389	61853389
822215679726100480	66369181	66369181
822215679726100480	73181712	73181712
822215679726100480	76348185	76348185
822215679726100480	78408666	78408666
822215679726100480	110541296	110541296
822215679726100480	120176950	120176950
822215679726100480	153149305	153149305
822215679726100480	166252256	166252256
822215679726100480	249677516	249677516
822215679726100480	393562221	393562221
822215679726100480	37666984	37666984
822215679726100480	799764016885329921	799764016885329921
822215679726100480	826065858548133888	826065858548133888
822215679726100480	827258161841135623	827258161841135623
822215679726100480	828613457020870657	828613457020870657
822215679726100480	829782369670410240	829782369670410240
822215679726100480	830128820447539208	830128820447539208
822215679726100480	831482588246196225	831482588246196225
822215679726100480	832672006113931269	832672006113931269
822215679726100480	836305915452272641	836305915452272641
822215679726100480	818928162449068032	818928162449068032
822215679726100480	823367015830323201	823367015830323201
822215679726100480	803703725730779136	803703725730779136
822215679726100480	471672239	471672239
822215679726100480	822215673812119553	822215673812119553
822215679726100480	822127086194348032	822127086194348032
822215679726100480	620571475	620571475
822215679726100480	818927131883356161	818927131883356161
822215679726100480	818910970567344128	818910970567344128
822215679726100480	818876014390603776	818876014390603776
805077004005625856	390618596	390618596
805077004005625856	16371214	16371214
805077004005625856	17950857	17950857
805077004005625856	733443026	733443026
805077004005625856	38099691	38099691
805077004005625856	549446547	549446547
805077004005625856	22541534	22541534
805077004005625856	2750504885	2750504885
805077004005625856	265463749	265463749
805077004005625856	461594173	461594173
805077004005625856	783868872092897280	783868872092897280
805077004005625856	207695669	207695669
805077004005625856	13826102	13826102
805077004005625856	14684110	14684110
805077004005625856	18104734	18104734
805077004005625856	2149793731	2149793731
822215679726100480	15513604	15513604
822215679726100480	14839147	14839147
822215679726100480	9624742	9624742
822215679726100480	14615871	14615871
822215679726100480	15647676	15647676
822215679726100480	20179628	20179628
822215679726100480	20437286	20437286
822215679726100480	44615672	44615672
822215679726100480	44783853	44783853
822215679726100480	61853389	61853389
822215679726100480	66369181	66369181
822215679726100480	73181712	73181712
822215679726100480	76348185	76348185
822215679726100480	78408666	78408666
822215679726100480	110541296	110541296
822215679726100480	120176950	120176950
822215679726100480	153149305	153149305
822215679726100480	166252256	166252256
822215679726100480	249677516	249677516
822215679726100480	393562221	393562221
822215679726100480	37666984	37666984
822215679726100480	799764016885329921	799764016885329921
822215679726100480	826065858548133888	826065858548133888
822215679726100480	827258161841135623	827258161841135623
822215679726100480	828613457020870657	828613457020870657
822215679726100480	829782369670410240	829782369670410240
822215679726100480	830128820447539208	830128820447539208
822215679726100480	831482588246196225	831482588246196225
822215679726100480	832672006113931269	832672006113931269
822215679726100480	836305915452272641	836305915452272641
822215679726100480	818928162449068032	818928162449068032
822215679726100480	823367015830323201	823367015830323201
822215679726100480	803703725730779136	803703725730779136
822215679726100480	471672239	471672239
822215679726100480	822215673812119553	822215673812119553
822215679726100480	822127086194348032	822127086194348032
822215679726100480	620571475	620571475
822215679726100480	818927131883356161	818927131883356161
822215679726100480	818910970567344128	818910970567344128
822215679726100480	818876014390603776	818876014390603776
805077004005625856	390618596	390618596
805077004005625856	16371214	16371214
805077004005625856	17950857	17950857
805077004005625856	733443026	733443026
805077004005625856	38099691	38099691
805077004005625856	549446547	549446547
805077004005625856	22541534	22541534
805077004005625856	2750504885	2750504885
805077004005625856	265463749	265463749
805077004005625856	461594173	461594173
805077004005625856	783868872092897280	783868872092897280
805077004005625856	207695669	207695669
805077004005625856	13826102	13826102
805077004005625856	14684110	14684110
805077004005625856	18104734	18104734
805077004005625856	2149793731	2149793731
